Time	B2	C2	D2	B3	C3	D3	B5	C5	D5	B6	C6	D6	B8	C8	D8	B9	C9	D9	E2	F2	G2	E3	F3	G3	E4	F4	G4	E6	F6	G6	E7	F7	G7	E8
0	0.0818	0.0808	0.0812	0.0803	0.0807	0.0808	0.0799	0.0802	0.0787	0.0799	0.0784	0.0793	0.0802	0.0792	0.0789	0.0802	0.081	0.0821	0.0807	0.0821	0.0808	0.0828	0.0816	0.0823	0.0833	0.0827	0.0833	0.0799	0.0797	0.082	0.0776	0.079	0.0845	0.0794
0.25	0.0816	0.0806	0.0806	0.081	0.0803	0.0808	0.0796	0.0802	0.0786	0.0797	0.0787	0.0788	0.0798	0.0791	0.0786	0.0793	0.0806	0.0817	0.0806	0.0818	0.0809	0.0829	0.0818	0.0818	0.0832	0.0827	0.0828	0.0796	0.0794	0.0815	0.0773	0.0786	0.0796	0.0794
0.5	0.0814	0.0806	0.0809	0.0803	0.0803	0.0806	0.0795	0.0801	0.079	0.0797	0.0787	0.0792	0.0797	0.0788	0.0787	0.0797	0.0805	0.0822	0.0804	0.0818	0.0809	0.0831	0.082	0.0821	0.0832	0.0827	0.0826	0.0799	0.0796	0.0817	0.0774	0.0787	0.0794	0.0793
0.75	0.0818	0.0805	0.0812	0.0809	0.0807	0.0812	0.0799	0.0802	0.0793	0.0808	0.0787	0.0796	0.08	0.079	0.0792	0.0799	0.0807	0.0821	0.0806	0.0816	0.081	0.083	0.0823	0.0823	0.0833	0.0828	0.0829	0.08	0.0796	0.0821	0.0775	0.0791	0.0798	0.0798
1	0.0817	0.0806	0.0808	0.0811	0.0806	0.0808	0.08	0.0806	0.0791	0.0802	0.0789	0.0793	0.08	0.0793	0.079	0.0798	0.0808	0.0819	0.0809	0.0818	0.081	0.083	0.0818	0.0823	0.0832	0.0827	0.083	0.08	0.0794	0.0817	0.0772	0.0786	0.0797	0.0794
1.25	0.0819	0.0806	0.0811	0.081	0.0809	0.0815	0.0803	0.0807	0.0793	0.0802	0.0791	0.0794	0.0801	0.0794	0.0791	0.0801	0.081	0.0825	0.0808	0.082	0.0813	0.0834	0.0824	0.0823	0.0836	0.0829	0.083	0.0801	0.0797	0.0821	0.0777	0.0794	0.0799	0.0798
1.5	0.0815	0.0807	0.0809	0.081	0.081	0.0813	0.0805	0.0807	0.0797	0.0805	0.0792	0.0797	0.0801	0.0798	0.0793	0.0802	0.0811	0.0828	0.0813	0.082	0.0814	0.0833	0.0824	0.0824	0.0837	0.083	0.0834	0.0797	0.0798	0.0819	0.0775	0.0792	0.0799	0.0799
1.75	0.0819	0.0805	0.081	0.081	0.0811	0.0815	0.0805	0.0807	0.0794	0.0807	0.0796	0.0798	0.0805	0.0801	0.0792	0.0803	0.0812	0.0833	0.0812	0.0823	0.0815	0.0832	0.0825	0.0823	0.0833	0.083	0.0833	0.08	0.0797	0.0817	0.0776	0.0792	0.0798	0.0796
2	0.0819	0.0807	0.081	0.0816	0.0816	0.0816	0.0808	0.0813	0.0803	0.0814	0.0802	0.0805	0.0812	0.0805	0.0799	0.081	0.082	0.084	0.0817	0.0824	0.0819	0.0836	0.0826	0.0828	0.0838	0.0832	0.0835	0.0803	0.0799	0.0821	0.0781	0.0798	0.0803	0.0801
2.25	0.0819	0.0809	0.0811	0.0816	0.0817	0.0817	0.0813	0.0819	0.0802	0.0822	0.0805	0.0806	0.0813	0.0808	0.0801	0.0813	0.0825	0.0848	0.0818	0.0829	0.082	0.0837	0.0825	0.0826	0.0835	0.0832	0.0836	0.0804	0.08	0.0819	0.078	0.0797	0.0806	0.0799
2.5	0.0817	0.0807	0.0809	0.0823	0.0822	0.0818	0.082	0.0826	0.0808	0.0825	0.0815	0.0811	0.0822	0.0818	0.0807	0.082	0.0833	0.0854	0.0823	0.0831	0.0825	0.0838	0.0828	0.0829	0.0838	0.0836	0.0839	0.0803	0.0799	0.0818	0.0784	0.08	0.0808	0.0798
2.75	0.0819	0.0809	0.0812	0.0829	0.0829	0.0822	0.0833	0.0841	0.0816	0.0841	0.0827	0.0823	0.0832	0.0831	0.0815	0.0832	0.0841	0.0873	0.0828	0.084	0.0837	0.0842	0.0833	0.0836	0.0844	0.0839	0.0845	0.0804	0.0801	0.0821	0.0789	0.0805	0.0814	0.0797
3	0.0816	0.0805	0.0808	0.0833	0.0836	0.0827	0.0846	0.0853	0.0822	0.0853	0.0843	0.0831	0.0844	0.0844	0.082	0.084	0.0855	0.0895	0.0837	0.0846	0.0846	0.0843	0.0839	0.0839	0.0847	0.0846	0.0846	0.0802	0.08	0.0818	0.0792	0.0807	0.0816	0.0822
3.25	0.0818	0.0805	0.0809	0.0845	0.0848	0.0832	0.0863	0.0879	0.0835	0.0873	0.0863	0.0847	0.0864	0.0865	0.0836	0.0858	0.0874	0.0918	0.0848	0.0857	0.0861	0.0849	0.0842	0.0847	0.0853	0.0851	0.0857	0.0804	0.0802	0.082	0.0799	0.0815	0.0823	0.0802
3.5	0.0819	0.0805	0.0811	0.0858	0.0858	0.0839	0.0891	0.091	0.0848	0.0904	0.0889	0.0867	0.0887	0.0889	0.0852	0.0883	0.0896	0.0948	0.0864	0.0871	0.0878	0.0854	0.0849	0.0854	0.0859	0.0857	0.0863	0.0803	0.08	0.082	0.0803	0.0825	0.0838	0.08
3.75	0.0818	0.0804	0.081	0.0874	0.0877	0.0848	0.0924	0.0955	0.0877	0.0941	0.0923	0.0895	0.0925	0.0928	0.0877	0.0909	0.093	0.0993	0.0887	0.0893	0.0906	0.0867	0.0858	0.0869	0.0868	0.0866	0.0877	0.0806	0.0799	0.0822	0.0817	0.084	0.0856	0.0799
4	0.0823	0.0807	0.0813	0.09	0.0898	0.0859	0.0971	0.1016	0.091	0.0993	0.0963	0.0932	0.0972	0.0973	0.0903	0.0948	0.0971	0.1052	0.0916	0.0923	0.094	0.0881	0.0875	0.0884	0.0879	0.0884	0.0892	0.0806	0.0803	0.0824	0.0833	0.086	0.0877	0.0802
4.25	0.082	0.0806	0.0813	0.0929	0.093	0.0874	0.1026	0.1087	0.0952	0.1054	0.1017	0.0974	0.1028	0.103	0.0936	0.0993	0.1023	0.1117	0.0957	0.0961	0.0988	0.0898	0.0892	0.0906	0.0899	0.09	0.0913	0.0804	0.0799	0.0821	0.0853	0.0886	0.091	0.0801
4.5	0.0819	0.0807	0.0809	0.0966	0.0968	0.0892	0.1099	0.1178	0.1007	0.1134	0.1076	0.1032	0.1103	0.1097	0.0975	0.1052	0.109	0.1201	0.1006	0.1013	0.1045	0.092	0.0918	0.0932	0.0914	0.092	0.0935	0.0806	0.0801	0.0822	0.0879	0.0921	0.0946	0.08
4.75	0.082	0.0808	0.0814	0.1015	0.1018	0.0912	0.1188	0.1296	0.1082	0.1231	0.1156	0.11	0.1196	0.119	0.103	0.1124	0.1174	0.1312	0.1077	0.1081	0.112	0.0956	0.0952	0.0969	0.0935	0.0945	0.0969	0.0805	0.0798	0.0824	0.0921	0.0968	0.1001	0.0802
5	0.082	0.0808	0.0814	0.1083	0.108	0.0943	0.129	0.1429	0.1178	0.1358	0.1245	0.1184	0.1314	0.1297	0.1093	0.1208	0.1271	0.1438	0.1159	0.1164	0.1212	0.0995	0.0992	0.1012	0.0966	0.0976	0.1006	0.0808	0.0803	0.0825	0.0972	0.1032	0.1072	0.08
5.25	0.0817	0.0808	0.081	0.1159	0.1153	0.0967	0.1419	0.1594	0.1287	0.1506	0.1356	0.128	0.1453	0.143	0.1165	0.1319	0.1396	0.1594	0.1262	0.1263	0.1327	0.1046	0.1039	0.1064	0.0997	0.1008	0.1046	0.0805	0.0802	0.0824	0.1039	0.1111	0.1166	0.0798
5.5	0.082	0.0808	0.0811	0.1262	0.1238	0.1002	0.1573	0.1803	0.1411	0.1685	0.1483	0.1414	0.1622	0.16	0.1259	0.1442	0.155	0.1784	0.1393	0.1389	0.1462	0.1112	0.11	0.1131	0.1032	0.1051	0.11	0.0806	0.0802	0.0822	0.1141	0.1229	0.1298	0.08
5.75	0.0818	0.0805	0.0808	0.1395	0.1362	0.1051	0.1695	0.1983	0.1599	0.1894	0.1579	0.1542	0.1826	0.1799	0.1354	0.1538	0.1707	0.1996	0.1549	0.1538	0.1604	0.1194	0.1182	0.1212	0.1074	0.1102	0.1157	0.0809	0.0801	0.0826	0.126	0.1374	0.1448	0.0796
6	0.0819	0.0809	0.0809	0.1546	0.1486	0.1094	0.1896	0.2241	0.1731	0.2144	0.1747	0.1709	0.2052	0.2014	0.1499	0.172	0.1914	0.2266	0.1718	0.1706	0.1777	0.1299	0.1263	0.1303	0.1126	0.1148	0.1227	0.0808	0.0803	0.0825	0.1432	0.1547	0.1636	0.0798
6.25	0.0817	0.0806	0.0812	0.1738	0.1646	0.1166	0.2015	0.2428	0.202	0.242	0.1882	0.1849	0.2328	0.2308	0.163	0.1846	0.2111	0.2549	0.1929	0.1875	0.1925	0.1414	0.138	0.1418	0.1184	0.1215	0.131	0.0808	0.0804	0.0826	0.1603	0.174	0.1838	0.0797
6.5	0.0816	0.0804	0.081	0.1915	0.181	0.1227	0.2196	0.2651	0.2281	0.2695	0.2048	0.2019	0.2636	0.2622	0.1754	0.2012	0.2323	0.2845	0.2153	0.207	0.2057	0.1559	0.1499	0.1545	0.1248	0.1287	0.1401	0.0808	0.0803	0.0827	0.1814	0.1951	0.2062	0.0797
6.75	0.082	0.081	0.0811	0.2141	0.1971	0.1297	0.2402	0.2973	0.2525	0.3022	0.23	0.2308	0.2972	0.2963	0.1977	0.2233	0.258	0.3163	0.2428	0.2301	0.2177	0.1714	0.1632	0.1697	0.1326	0.1356	0.1501	0.0812	0.0808	0.0832	0.2088	0.2237	0.2367	0.0804
7	0.0818	0.0805	0.0812	0.2379	0.2178	0.1385	0.2549	0.3169	0.2897	0.3255	0.2479	0.248	0.3283	0.3332	0.213	0.2402	0.2778	0.3401	0.268	0.243	0.2244	0.1874	0.1802	0.186	0.1402	0.1446	0.1602	0.081	0.0806	0.0831	0.2331	0.2465	0.2601	0.08
7.25	0.0817	0.0804	0.081	0.2622	0.2399	0.1474	0.2769	0.343	0.321	0.3535	0.2687	0.2719	0.3594	0.3685	0.2341	0.2621	0.3019	0.3658	0.2896	0.2583	0.2394	0.2058	0.1955	0.2034	0.1484	0.1527	0.1703	0.0812	0.0807	0.0832	0.2594	0.274	0.2836	0.08
7.5	0.0818	0.0807	0.0812	0.2946	0.2694	0.158	0.2882	0.3624	0.3624	0.3746	0.2873	0.2912	0.3843	0.4011	0.2517	0.2764	0.3209	0.382	0.2969	0.2627	0.2373	0.2254	0.2158	0.2214	0.1573	0.1635	0.1818	0.0811	0.0809	0.0838	0.2802	0.2932	0.3031	0.08
7.75	0.0817	0.0805	0.0811	0.3193	0.2949	0.1688	0.316	0.396	0.3928	0.4095	0.3154	0.3229	0.4146	0.4299	0.2775	0.3055	0.3471	0.4099	0.3139	0.2739	0.2424	0.2425	0.2318	0.2383	0.1653	0.1712	0.1916	0.0816	0.0809	0.0842	0.3081	0.317	0.3262	0.08
8	0.0817	0.0805	0.0808	0.353	0.3364	0.1856	0.3264	0.4114	0.4279	0.4278	0.3313	0.3419	0.4383	0.4552	0.2916	0.3226	0.3609	0.4245	0.315	0.2685	0.2427	0.2644	0.2522	0.2582	0.1754	0.1818	0.2032	0.0817	0.0814	0.0846	0.3232	0.3335	0.3387	0.0802
8.25	0.0819	0.0805	0.081	0.3773	0.373	0.1966	0.3567	0.4482	0.4558	0.4627	0.3697	0.381	0.4724	0.4897	0.3293	0.363	0.3993	0.4601	0.3267	0.2796	0.2477	0.2829	0.2704	0.2769	0.184	0.1912	0.2141	0.0822	0.0816	0.0851	0.3472	0.356	0.3621	0.0805
8.5	0.0819	0.0808	0.081	0.4091	0.4137	0.2121	0.3809	0.4726	0.4844	0.4887	0.3969	0.4088	0.4997	0.5164	0.354	0.3917	0.4239	0.485	0.3348	0.2754	0.251	0.3029	0.2904	0.2957	0.1928	0.2014	0.227	0.0825	0.0818	0.0854	0.3656	0.3703	0.3779	0.0804
8.75	0.0818	0.0808	0.0811	0.4353	0.4472	0.228	0.4147	0.5055	0.5116	0.5211	0.4407	0.4451	0.5317	0.5493	0.3825	0.4351	0.4601	0.52	0.3434	0.2875	0.2646	0.3224	0.3096	0.3129	0.2025	0.2126	0.2391	0.083	0.0823	0.0862	0.3845	0.3901	0.3941	0.0806
9	0.082	0.0807	0.0811	0.4578	0.4766	0.2394	0.4622	0.5452	0.5369	0.5555	0.4934	0.4909	0.5678	0.5855	0.4303	0.4916	0.5079	0.5652	0.3737	0.3086	0.2928	0.3421	0.3278	0.3294	0.2114	0.221	0.2512	0.0837	0.083	0.0872	0.4097	0.4126	0.4161	0.0809
9.25	0.0819	0.0807	0.0812	0.4845	0.5084	0.2637	0.4976	0.574	0.5659	0.5813	0.5344	0.5238	0.5962	0.6152	0.4601	0.5357	0.5447	0.6009	0.3949	0.3245	0.3176	0.3611	0.3467	0.3445	0.2209	0.2317	0.2652	0.0842	0.0836	0.0883	0.4322	0.4302	0.4326	0.0811
9.5	0.0816	0.0806	0.081	0.5102	0.5376	0.3011	0.5231	0.598	0.5985	0.6031	0.5692	0.5537	0.6246	0.6442	0.4813	0.5689	0.572	0.6261	0.4116	0.3419	0.3406	0.3727	0.3604	0.357	0.2318	0.2452	0.2807	0.0848	0.0839	0.0895	0.4448	0.443	0.4426	0.0812
9.75	0.0816	0.0808	0.0809	0.5322	0.563	0.3426	0.5535	0.6265	0.628	0.6252	0.6057	0.5948	0.6543	0.6771	0.5249	0.6082	0.6101	0.6625	0.4398	0.3634	0.3712	0.3844	0.3702	0.369	0.2424	0.2567	0.2948	0.0859	0.085	0.0912	0.4634	0.4641	0.46	0.0815
10	0.0818	0.0806	0.0811	0.5529	0.588	0.3763	0.5811	0.6558	0.6572	0.6482	0.645	0.6324	0.6789	0.7063	0.5617	0.6458	0.6476	0.7027	0.4724	0.3909	0.3985	0.3956	0.3793	0.3854	0.2526	0.2691	0.3088	0.0867	0.0857	0.0927	0.4862	0.4835	0.4759	0.0821
10.25	0.0819	0.0806	0.0811	0.5757	0.613	0.4204	0.6046	0.678	0.6862	0.6652	0.6765	0.6648	0.7079	0.7313	0.598	0.6778	0.6812	0.7366	0.4988	0.4165	0.4324	0.4083	0.3898	0.3976	0.2649	0.2811	0.3236	0.0881	0.0871	0.0951	0.5039	0.4998	0.4921	0.0824
10.5	0.0818	0.0807	0.0808	0.5977	0.6391	0.4653	0.627	0.6991	0.7121	0.6814	0.7015	0.693	0.7305	0.754	0.6221	0.7084	0.7107	0.766	0.5203	0.4378	0.4602	0.4182	0.3966	0.4099	0.2776	0.2968	0.3388	0.0897	0.0886	0.0981	0.5175	0.5115	0.5011	0.0829
10.75	0.0816	0.0805	0.081	0.6228	0.6668	0.5041	0.6578	0.7214	0.7369	0.6991	0.7337	0.7303	0.7537	0.7803	0.6553	0.7412	0.7421	0.7939	0.5484	0.4625	0.4923	0.4346	0.4078	0.4283	0.2908	0.3096	0.3532	0.0918	0.0903	0.1012	0.5352	0.5267	0.5196	0.0839
11	0.0818	0.0804	0.0809	0.6492	0.6933	0.5403	0.6824	0.7409	0.7605	0.7142	0.7635	0.7599	0.7744	0.7975	0.6931	0.7763	0.7714	0.8153	0.5759	0.4938	0.5271	0.4522	0.4159	0.445	0.3044	0.3257	0.3688	0.0942	0.0923	0.1043	0.553	0.5453	0.5383	0.0846
11.25	0.0818	0.0805	0.0811	0.6722	0.7173	0.566	0.7056	0.7582	0.7817	0.7252	0.7892	0.7891	0.7922	0.8071	0.7348	0.7983	0.7906	0.8358	0.613	0.5243	0.5718	0.4758	0.4325	0.4668	0.3191	0.3404	0.3864	0.098	0.0956	0.1079	0.5763	0.568	0.5616	0.0865
11.5	0.0817	0.0808	0.0813	0.6967	0.738	0.6031	0.7233	0.773	0.8005	0.7452	0.8031	0.8088	0.8054	0.8152	0.77	0.8099	0.8034	0.8474	0.6472	0.5546	0.617	0.4975	0.451	0.4805	0.3359	0.3566	0.4077	0.1007	0.0991	0.111	0.5915	0.5848	0.5813	0.0876
11.75	0.0816	0.0807	0.081	0.719	0.7545	0.6416	0.7409	0.7866	0.8128	0.7638	0.818	0.8238	0.8153	0.8252	0.7957	0.8179	0.8139	0.8552	0.6814	0.584	0.6435	0.5167	0.4643	0.4925	0.3547	0.3734	0.427	0.1039	0.1023	0.1151	0.6078	0.6026	0.5985	0.0895
12	0.082	0.0807	0.0812	0.7361	0.7694	0.6706	0.7534	0.7989	0.8219	0.7781	0.8269	0.8372	0.8215	0.8316	0.8179	0.829	0.815	0.8638	0.7145	0.6194	0.689	0.5306	0.4786	0.5002	0.3759	0.3915	0.4427	0.1073	0.1066	0.1189	0.6192	0.6187	0.6188	0.0919
12.25	0.0819	0.0806	0.0812	0.75	0.778	0.6989	0.7624	0.8094	0.8294	0.7925	0.8365	0.8469	0.8287	0.8374	0.8325	0.8397	0.8212	0.873	0.7238	0.6473	0.7269	0.5397	0.4909	0.5103	0.3995	0.4091	0.4536	0.111	0.1105	0.1234	0.6378	0.6415	0.6343	0.0949
12.5	0.0817	0.0805	0.081	0.7643	0.7885	0.7243	0.7762	0.8187	0.8368	0.8071	0.8401	0.8493	0.8338	0.8395	0.8426	0.8489	0.8275	0.8817	0.7383	0.6579	0.7509	0.55	0.5004	0.514	0.4266	0.4313	0.4567	0.1148	0.1141	0.1277	0.6551	0.6536	0.6539	0.0979
12.75	0.082	0.0809	0.0811	0.7783	0.796	0.7442	0.792	0.8304	0.8428	0.8207	0.8474	0.8551	0.842	0.8488	0.8542	0.8602	0.8371	0.8843	0.7518	0.6692	0.7622	0.5566	0.5015	0.5185	0.4548	0.4513	0.4531	0.1191	0.1188	0.1344	0.6722	0.6775	0.6672	0.1028
13	0.0817	0.0805	0.0809	0.7806	0.8015	0.7597	0.8016	0.838	0.8489	0.8272	0.8496	0.8606	0.8419	0.8525	0.8621	0.8669	0.8426	0.8764	0.7716	0.6944	0.7645	0.56	0.5066	0.5145	0.4816	0.4692	0.4501	0.124	0.1244	0.1426	0.6899	0.6872	0.6762	0.1074
13.25	0.0816	0.0804	0.081	0.777	0.7992	0.7698	0.8069	0.8405	0.8541	0.8244	0.8549	0.8657	0.8362	0.8535	0.8724	0.8678	0.8426	0.8748	0.7936	0.7211	0.7708	0.5681	0.5175	0.5261	0.5076	0.4846	0.4508	0.1328	0.1325	0.1522	0.7047	0.6975	0.6805	0.1133
13.5	0.0818	0.0803	0.0811	0.7757	0.7954	0.7842	0.808	0.8424	0.8612	0.8226	0.8567	0.8686	0.8298	0.8485	0.8742	0.8638	0.8415	0.866	0.7934	0.7076	0.7461	0.5712	0.5104	0.516	0.5265	0.4904	0.4512	0.1403	0.1394	0.164	0.7128	0.7033	0.6812	0.1208
13.75	0.0818	0.0806	0.0811	0.7691	0.7875	0.7943	0.8094	0.8402	0.8618	0.8209	0.8576	0.8714	0.8233	0.8421	0.8746	0.8615	0.8396	0.861	0.8043	0.7234	0.7505	0.5788	0.5238	0.5276	0.5436	0.4948	0.4549	0.1519	0.1516	0.1778	0.723	0.7119	0.6915	0.1297
14	0.0819	0.0804	0.081	0.768	0.7802	0.7989	0.8062	0.8396	0.862	0.8208	0.8575	0.8753	0.823	0.8435	0.8735	0.8567	0.8354	0.8588	0.813	0.7181	0.7467	0.5848	0.5259	0.5318	0.5532	0.4952	0.4617	0.1659	0.1654	0.1944	0.729	0.7144	0.7025	0.1405
14.25	0.0819	0.0806	0.0809	0.7668	0.7772	0.8017	0.8064	0.8314	0.8616	0.8198	0.8557	0.876	0.8226	0.8438	0.8741	0.852	0.8327	0.8571	0.8207	0.7193	0.7543	0.5894	0.5382	0.5369	0.5612	0.4969	0.4685	0.1817	0.1829	0.2128	0.7319	0.7183	0.71	0.1533
14.5	0.0818	0.0806	0.0813	0.7638	0.7733	0.7971	0.8066	0.83	0.8578	0.819	0.8524	0.8728	0.8213	0.8392	0.8696	0.8475	0.8316	0.855	0.8192	0.7201	0.7392	0.6003	0.5363	0.542	0.5649	0.4929	0.4753	0.2012	0.2025	0.2354	0.7354	0.7199	0.7118	0.1654
14.75	0.0819	0.0804	0.0812	0.7622	0.7708	0.792	0.8031	0.8255	0.8537	0.8176	0.8469	0.8723	0.8165	0.8306	0.8657	0.8417	0.8309	0.8497	0.819	0.7116	0.7315	0.6073	0.5433	0.5452	0.571	0.4921	0.4715	0.2186	0.2235	0.2607	0.7379	0.7212	0.7164	0.175
15	0.0818	0.0806	0.081	0.7623	0.7677	0.7865	0.8028	0.8199	0.85	0.8197	0.8453	0.8734	0.8129	0.8267	0.8624	0.8377	0.8306	0.8466	0.8174	0.7059	0.7309	0.6154	0.5404	0.5458	0.5715	0.4904	0.4847	0.2403	0.2463	0.2888	0.7391	0.7219	0.7151	0.1904
15.25	0.0817	0.0808	0.0813	0.7605	0.7647	0.7818	0.8042	0.8215	0.8473	0.8204	0.8429	0.8765	0.8072	0.8236	0.8599	0.8384	0.8334	0.8468	0.8206	0.712	0.7371	0.6261	0.5585	0.5529	0.5738	0.4962	0.4984	0.2686	0.2761	0.3186	0.7427	0.7243	0.7204	0.2075
15.5	0.0818	0.0804	0.0809	0.7587	0.7616	0.7775	0.8049	0.8204	0.8445	0.8206	0.8445	0.8743	0.801	0.8199	0.8567	0.837	0.8331	0.845	0.8203	0.7138	0.7388	0.6335	0.5675	0.5698	0.5732	0.5029	0.5064	0.2928	0.3032	0.3522	0.744	0.7259	0.7212	0.2228
15.75	0.0818	0.0805	0.0811	0.7571	0.7607	0.7768	0.8049	0.819	0.8428	0.8197	0.8466	0.8735	0.7977	0.8179	0.8548	0.8363	0.835	0.8446	0.8168	0.7009	0.7155	0.6399	0.5709	0.569	0.5751	0.4998	0.5117	0.3174	0.3291	0.3876	0.7437	0.7258	0.7193	0.2325
16	0.082	0.0809	0.0811	0.7558	0.7563	0.7758	0.8029	0.8138	0.8404	0.8175	0.8408	0.8708	0.7905	0.8104	0.8516	0.8346	0.8333	0.8409	0.8193	0.7157	0.7338	0.6463	0.5848	0.5884	0.5794	0.5079	0.522	0.3489	0.3647	0.4233	0.7454	0.7299	0.7233	0.2543
16.25	0.0821	0.0808	0.0812	0.7534	0.7522	0.7731	0.8019	0.8111	0.8377	0.8186	0.8392	0.8693	0.7879	0.8084	0.85	0.8311	0.8329	0.838	0.8192	0.7186	0.7336	0.6574	0.5932	0.6019	0.5861	0.5222	0.5297	0.381	0.3956	0.46	0.7433	0.7332	0.7253	0.2734
16.5	0.0821	0.0806	0.0811	0.7526	0.748	0.7727	0.8015	0.8155	0.8352	0.8197	0.8375	0.8704	0.7817	0.8078	0.8477	0.8316	0.8296	0.8374	0.82	0.7178	0.7366	0.6662	0.6147	0.6119	0.5951	0.5348	0.5458	0.413	0.4308	0.4971	0.7455	0.735	0.7305	0.2966
16.75	0.0818	0.0809	0.0813	0.7507	0.7437	0.7705	0.8011	0.8093	0.8324	0.8202	0.8367	0.8687	0.774	0.7996	0.8429	0.8295	0.8278	0.8333	0.8227	0.7186	0.7407	0.6755	0.6352	0.6329	0.6057	0.5454	0.5461	0.445	0.4626	0.5351	0.7453	0.736	0.7372	0.312
17	0.0817	0.0806	0.0811	0.7487	0.7387	0.7693	0.8	0.8064	0.8311	0.8222	0.8404	0.8681	0.7751	0.8	0.8432	0.8322	0.8295	0.8348	0.8255	0.7214	0.738	0.6834	0.6472	0.6373	0.6161	0.5573	0.5704	0.4808	0.499	0.5719	0.7463	0.7381	0.7409	0.3363
17.25	0.0819	0.0805	0.0811	0.7455	0.7335	0.7697	0.7994	0.8043	0.8284	0.8239	0.8391	0.8658	0.7714	0.7934	0.8412	0.8328	0.8293	0.833	0.8246	0.7303	0.7477	0.6916	0.6584	0.6472	0.6272	0.5699	0.5808	0.5144	0.5346	0.6077	0.7439	0.7376	0.744	0.3523
17.5	0.0818	0.0808	0.0812	0.7438	0.7288	0.7701	0.8034	0.8076	0.8273	0.8315	0.8452	0.8702	0.7762	0.7957	0.8428	0.8361	0.8332	0.8407	0.8232	0.7135	0.7373	0.6985	0.6566	0.6463	0.6362	0.5738	0.5896	0.5427	0.5675	0.6457	0.745	0.74	0.746	0.3734
17.75	0.0815	0.0804	0.0807	0.7392	0.7225	0.7688	0.8032	0.8048	0.8237	0.8334	0.8473	0.8685	0.7765	0.7952	0.8405	0.8384	0.8342	0.8415	0.818	0.6995	0.7223	0.7016	0.6568	0.6461	0.645	0.5795	0.5982	0.5736	0.5994	0.6835	0.7434	0.741	0.7475	0.3818
18	0.082	0.0809	0.0811	0.7336	0.716	0.7675	0.7994	0.802	0.8212	0.835	0.8476	0.8642	0.7692	0.7875	0.8365	0.844	0.8361	0.8432	0.8243	0.7263	0.7479	0.7144	0.6752	0.6687	0.6561	0.5991	0.6273	0.615	0.645	0.7165	0.7434	0.7407	0.7536	0.4235
18.25	0.0819	0.0804	0.0809	0.7278	0.7095	0.7654	0.8011	0.7991	0.8189	0.8389	0.8482	0.8627	0.769	0.7873	0.8349	0.8496	0.84	0.847	0.83	0.7401	0.7544	0.7188	0.6842	0.6796	0.6649	0.6135	0.6549	0.6512	0.6788	0.7485	0.7415	0.7408	0.7559	0.4458
18.5	0.0818	0.0806	0.0811	0.7181	0.703	0.7626	0.8046	0.801	0.8168	0.8454	0.8519	0.8643	0.7705	0.7878	0.8354	0.8562	0.8444	0.8517	0.8324	0.7307	0.7595	0.7219	0.6834	0.6808	0.6731	0.6226	0.6655	0.6785	0.704	0.7811	0.7402	0.7408	0.7583	0.469
18.75	0.0817	0.0806	0.081	0.7124	0.6969	0.7609	0.8089	0.8012	0.8158	0.8498	0.8582	0.8689	0.7753	0.7918	0.8358	0.8631	0.8502	0.8584	0.8304	0.7246	0.7397	0.7227	0.6852	0.6844	0.681	0.6332	0.6719	0.6983	0.7293	0.8105	0.7392	0.7405	0.7585	0.4929
19	0.082	0.0808	0.0812	0.7041	0.6894	0.7567	0.8112	0.8002	0.8137	0.8513	0.86	0.866	0.7761	0.791	0.8348	0.8745	0.8552	0.863	0.8382	0.7431	0.7656	0.731	0.7012	0.6982	0.6894	0.6516	0.6941	0.7322	0.7586	0.8346	0.7376	0.7403	0.7599	0.5207
19.25	0.0816	0.0807	0.0808	0.6957	0.6816	0.7522	0.8149	0.8011	0.8125	0.8521	0.861	0.8656	0.7779	0.7918	0.8296	0.8833	0.8618	0.8704	0.8381	0.7346	0.7531	0.734	0.7048	0.7063	0.6968	0.6577	0.7019	0.7585	0.782	0.8585	0.736	0.7398	0.7629	0.5407
19.5	0.0819	0.0809	0.0811	0.6869	0.6735	0.7459	0.8192	0.804	0.8131	0.8542	0.8658	0.866	0.7822	0.7935	0.8333	0.8912	0.8688	0.8769	0.8377	0.7378	0.7462	0.7352	0.7106	0.7144	0.7035	0.6705	0.7173	0.7829	0.8092	0.883	0.736	0.7411	0.7667	0.5628
19.75	0.0818	0.0805	0.0812	0.6794	0.6655	0.7408	0.8204	0.8037	0.8141	0.8495	0.8628	0.8639	0.7836	0.7924	0.8322	0.895	0.8772	0.882	0.8447	0.7368	0.7545	0.7403	0.7193	0.7235	0.7109	0.6824	0.7329	0.8108	0.8375	0.9	0.736	0.7422	0.7732	0.5893
20	0.0821	0.0808	0.0812	0.6729	0.6581	0.7355	0.8261	0.8081	0.8179	0.8467	0.8685	0.8689	0.7902	0.7976	0.8384	0.8981	0.8877	0.8873	0.8439	0.7311	0.7491	0.7451	0.7179	0.7269	0.7174	0.6899	0.7458	0.8375	0.8574	0.9167	0.7386	0.7474	0.7795	0.6123
20.25	0.0816	0.0808	0.0812	0.6652	0.6498	0.7277	0.8317	0.8119	0.8199	0.8439	0.8726	0.8716	0.792	0.7992	0.8414	0.8983	0.8948	0.8907	0.8388	0.739	0.7414	0.7485	0.723	0.7316	0.7222	0.6958	0.7532	0.863	0.8795	0.932	0.7438	0.7528	0.7864	0.6317
20.5	0.0822	0.0807	0.0813	0.6558	0.6397	0.721	0.8302	0.8118	0.8208	0.8426	0.8683	0.8706	0.7894	0.7989	0.8429	0.8955	0.8978	0.8876	0.8416	0.7497	0.7513	0.7574	0.7331	0.7448	0.7276	0.705	0.764	0.8885	0.9029	0.9443	0.7496	0.7589	0.7961	0.6663
20.75	0.0819	0.0807	0.0812	0.6476	0.6313	0.7147	0.8262	0.8112	0.8226	0.8394	0.8637	0.8702	0.7877	0.799	0.8437	0.8941	0.8951	0.8849	0.8394	0.7483	0.7557	0.76	0.7439	0.7475	0.7339	0.715	0.778	0.9097	0.9215	0.9529	0.7547	0.7643	0.8063	0.6961
21	0.0819	0.0805	0.0812	0.6375	0.6212	0.7064	0.822	0.8102	0.8229	0.84	0.8598	0.8707	0.7841	0.7955	0.8442	0.8922	0.8918	0.8826	0.8385	0.7455	0.754	0.7629	0.7512	0.7617	0.7398	0.7226	0.7916	0.9266	0.9379	0.9632	0.7615	0.773	0.8178	0.7224
21.25	0.0818	0.0805	0.081	0.6271	0.6117	0.698	0.8205	0.8122	0.8231	0.8391	0.8623	0.8731	0.7806	0.7942	0.8457	0.8932	0.8882	0.8828	0.8272	0.7353	0.7395	0.7678	0.755	0.7607	0.7478	0.7279	0.7984	0.9373	0.9481	0.9736	0.7709	0.7842	0.8292	0.7455
21.5	0.0818	0.0805	0.0809	0.6171	0.6018	0.6922	0.8169	0.8108	0.8224	0.8429	0.8616	0.8749	0.7777	0.7912	0.8382	0.8923	0.8847	0.8817	0.8296	0.7441	0.7621	0.7738	0.7646	0.7726	0.7536	0.7382	0.817	0.9525	0.9634	0.9811	0.7803	0.7946	0.8397	0.7801
21.75	0.082	0.0805	0.0811	0.6079	0.592	0.6856	0.8132	0.8099	0.8229	0.846	0.8629	0.8795	0.7773	0.7879	0.8353	0.8941	0.8839	0.8814	0.828	0.7415	0.7792	0.7781	0.7702	0.7739	0.7593	0.7473	0.8271	0.966	0.973	0.9895	0.7898	0.8048	0.8489	0.7982
22	0.082	0.0803	0.0811	0.5961	0.5808	0.6764	0.8068	0.8086	0.8226	0.8483	0.863	0.8782	0.7767	0.78	0.8304	0.893	0.8824	0.881	0.8327	0.7661	0.8019	0.785	0.7767	0.7809	0.7655	0.758	0.8406	0.9786	0.9863	0.9973	0.7996	0.8154	0.8583	0.8149
22.25	0.0819	0.0807	0.0811	0.5865	0.571	0.6688	0.8065	0.8088	0.8229	0.8531	0.8659	0.8815	0.7798	0.779	0.8281	0.8926	0.882	0.8834	0.8355	0.7686	0.8193	0.786	0.7801	0.7812	0.7728	0.7661	0.8476	0.9863	0.9928	1.0036	0.8098	0.8238	0.8665	0.8264
22.5	0.082	0.081	0.0812	0.575	0.5604	0.66	0.8061	0.8095	0.8239	0.859	0.8689	0.8861	0.7858	0.7789	0.8311	0.8934	0.8847	0.8896	0.8415	0.7718	0.8351	0.7889	0.7836	0.7847	0.7804	0.7775	0.8529	0.993	0.999	1.0097	0.82	0.8344	0.8755	0.8366
22.75	0.082	0.0808	0.0812	0.5634	0.549	0.6512	0.8048	0.8079	0.8252	0.8618	0.873	0.8889	0.7896	0.7789	0.8297	0.8923	0.8831	0.8872	0.857	0.7992	0.8497	0.7901	0.7889	0.7903	0.7865	0.7879	0.8601	1.0024	1.0101	1.0156	0.8274	0.8424	0.884	0.8466
23	0.0818	0.0807	0.081	0.5537	0.5394	0.6428	0.8087	0.8099	0.8264	0.8656	0.8779	0.8937	0.7949	0.7834	0.8336	0.8924	0.8818	0.8878	0.8636	0.8049	0.8545	0.7922	0.7899	0.7936	0.7933	0.7955	0.8625	1.0077	1.0144	1.0195	0.8382	0.851	0.8923	0.8555
23.25	0.0816	0.0806	0.081	0.5441	0.5293	0.6344	0.8134	0.814	0.8293	0.8689	0.882	0.8983	0.803	0.7887	0.8382	0.8935	0.8816	0.8894	0.8676	0.817	0.8558	0.7921	0.7936	0.7975	0.8006	0.8045	0.8642	1.0117	1.0177	1.0245	0.8477	0.8612	0.9008	0.8625
23.5	0.082	0.0803	0.081	0.5328	0.5195	0.6245	0.8197	0.8165	0.8327	0.8738	0.8864	0.9002	0.807	0.7934	0.843	0.8951	0.8808	0.8886	0.8805	0.8274	0.86	0.7944	0.7986	0.8056	0.8073	0.8143	0.868	1.0188	1.0242	1.0277	0.8573	0.8697	0.9084	0.8689
23.75	0.0821	0.0808	0.0812	0.5229	0.5096	0.6158	0.8246	0.8206	0.8362	0.8776	0.8902	0.9056	0.813	0.7997	0.8499	0.8959	0.8819	0.8901	0.8827	0.8324	0.8651	0.7963	0.8026	0.8131	0.8145	0.822	0.8717	1.0243	1.0296	1.0322	0.8669	0.8796	0.916	0.8748
24	0.082	0.0807	0.0812	0.5148	0.5009	0.6086	0.8348	0.8263	0.841	0.8811	0.8959	0.9099	0.8197	0.8072	0.856	0.8978	0.8847	0.8913	0.8787	0.836	0.8698	0.7993	0.8092	0.8214	0.8226	0.8291	0.8731	1.0268	1.0339	1.0354	0.8766	0.888	0.9249	0.8828
